Precision:0.7044387089362633
Recall:0.8381236465686176
F Score:0.7654883284436301