Precision:0.8058764774418414
Recall:0.4404052409868288
F Score:0.5695537678284639