Precision:0.7629793759657595
Recall:0.604937397074841
F Score:0.6748287129962895