Precision:0.7176156631703616
Recall:0.7802891866417501
F Score:0.7476412700136703